-1.59870517111063 -1.14805209137614 -0.942145724012488 -0.498486016006841 -1.27475217565686
1.22672517139863 1.26987418434937 1.32004929196149 1.7882519352758 1.37656483720774
-0.918274840959747 -0.936302475678452 -1.53699486369531 -0.98579880289565 -0.446626700470655
-0.168213184358775 -1.12655364448024 -1.23330286602678 -1.39569867421302 -1.35497580959492
-0.965822425580306 -0.614838304909169 -0.794323016218278 -0.997853683357928 0.199744867296002
-1.71877314228921 -1.59302953424224 -1.27260384069258 -1.58633329328417 -1.11168295833145
0.079716126750944 1.01357529182056 1.59105621171443 1.21394720779898 1.6761643208029
1.09235205174837 0.889107108197819 0.54636891887672 0.100731845261115 -0.476481105931435
1.81063975176943 0.521718253440293 -0.0218964299440768 0.521551840481204 0.084351164138894
-0.283097300964603 0.0577359331143256 -0.528515771608859 -0.0136569832226289 0.615603793164627
-1.54213386429125 -1.01678091917994 -0.54370919680241 -0.046478461711131 -0.172162016676808
-0.828148921663819 -1.31294196451928 -1.19513937700206 -0.283750937495737 -0.526401546911455
-0.810405456858915 -0.735668679934485 0.269254616085239 -0.119904374003299 -0.419631651023828
-2.13734089334807 -1.59451261165057 -1.24398492321233 -1.28245271701173 -1.51080214732324
-0.19396014633036 0.249629570491995 0.0916633152019604 1.0590733328762 1.75182255166917
0.439244160216669 0.589036166776859 0.902611574382856 0.517714183240525 0.513395777984802
0.510837338293874 0.568197823852737 -0.110921438822052 -0.322372922334031 0.347878576820459
0.262891794201812 -0.0833537663723754 0.617987005706925 0.544148904992731 -0.093990905302467
0.249111787210266 0.300373564520818 0.712050465006015 0.277055169093877 0.785424963029901
0.375953742503901 0.214430260549321 -0.130929954677096 0.0935496238018044 0.47262855200102
0.492162017249356 0.519452210072048 0.0309076975522382 -0.0139142647660531 -0.204137439031928
0.112145152596796 0.233503706729895 0.0519442641539126 0.115298562452588 -0.0616114150615485
-2.24155572196324 -1.36455723958558 -0.429670338832242 0.460905375868042 0.248934546413702
-0.431508144222644 0.111359976488499 0.115721996748418 0.474446985845624 -0.145712427882973
0.401722174436097 1.01531817728322 1.88601191701313 1.85527740303893 1.75400254082736
-0.891642680478246 -0.661569503634776 -0.361127758121709 0.162289102707317 0.348221642652473
1.76477472083023 1.06163592828368 1.23442452343164 1.72653903606427 1.28607469462827
0.100224781723091 0.762104780208438 0.55110074414662 -0.0763214555792557 0.00562832336757356
0.3474610270999 0.034998346086937 0.728580503283803 0.830245115380069 1.06422087385728
0.709932087418041 0.333855595809501 0.837290738398085 0.0960209096183876 0.140536734791858
0.98516272461762 0.788955919636823 0.38161780704298 0.504039913171576 0.82517894615624
2.10717853175697 1.4237367931827 1.48899081917806 1.16337202884888 0.642844467459489
0.496781874829632 0.697500255807468 0.802064124708205 1.18178912045312 1.78376462456341
-0.525003253162255 -1.23461767502564 -0.642839450409596 -1.168046279366 -1.00450199924526
0.926887385708334 0.500437385343881 0.303112689622458 0.529670329751183 0.627919684873688
-1.62514235338401 -2.15134164062547 -1.29583433426332 -1.58841306778062 -1.93947559486025
-1.28444188521612 -1.14965369579554 -0.836994574754457 -0.632375919952657 -0.98167930226791
-0.848839324927995 -1.07749381607273 -0.787898001258624 -0.698267096977464 -0.647578736697442
1.48960509409118 1.53917814167253 0.264960888606452 -0.139544369488885 -0.300608679850019
-0.755292600998792 -1.47889548756129 -2.35318554856639 -2.37653315446428 -3.14370393114948
0.298661926108577 0.0229761724331493 0.280595492564402 0.184278012315871 0.399516270238525
-0.794886363625399 -0.489024174015934 0.341224604670266 0.796574815924961 0.784014258715923
0.41981771815425 -0.217151900652191 -0.637700156169289 -0.327362535484546 -0.131219321654186
-2.74512021992641 -2.10247942282321 -2.23529596353172 -2.02857784846545 -1.47883180045659
0.861783391507494 0.393863589181725 0.0752977765959865 -0.515407910204049 -1.32470544923418
1.98302930780211 1.33861973684738 0.28520921493716 -0.771090078216104 -1.2968684446703
-0.984218623585054 0.116157365485211 0.411310078457038 0.329012249262211 0.218250669129915
-0.572956444154 -0.836453320808638 -0.535564298387959 -0.603409515264319 -1.08698867348391
-0.526650859246175 -0.829706437854569 -1.27367852414844 -1.47104341758726 -0.548510811085699
-1.38675332558668 -1.63124383457157 -0.827725433340826 -0.933898609730622 -0.767197472802745
-1.18687128611973 -0.947802838467774 -0.63851034417689 -0.917598394191016 -0.848405115756061
1.10697924040657 1.67730548721078 1.32029568290337 1.26661288414422 1.34721610228672
-0.179257553363802 0.01943065812446 -0.579147839449376 -0.778446112616784 -0.879040530564066
-1.57194663050107 -1.87605425680841 -1.8235299255998 -0.836958002108558 -0.562769152661258
0.184630278231449 0.622397360983879 1.41911622205179 0.886502475065708 0.321686770336769
0.33066861303541 0.606817373423967 0.724777151308303 1.39388143053403 1.18464788705535
-0.720608792995083 -0.675942071258001 -0.181438650224001 1.30756446326842 1.09530790992156
-0.154156529545045 0.853440033062517 0.649714274025622 1.11715443014023 0.846449925076686
-0.515849182597174 -0.889307873990853 -1.05903907833675 -0.529448171460641 -0.795383577216537
0.907911896356317 0.882374111576437 1.35280663417028 1.17869130763072 1.2104739314652
0.883536762302282 0.986799977570138 1.19122529586884 1.26863651172753 0.430861920482152
0.994219713420745 1.07232726463862 1.02131612971062 0.915108345372209 0.641321205811692
-0.35570564159778 -0.444531610036335 -0.775070239695203 -0.236420698540379 -0.0440196119340395
-1.02572537526051 -0.502579202590136 -0.0177487769394021 0.129966578899473 -0.529653746470306
-1.05063599673643 -1.44090148965102 -2.16756685512457 -1.88703675010412 -1.12458177183774
-2.37391031365849 -1.52331187245191 -0.811966102732238 -1.08222241238244 -1.58204287133854
-0.867966700797338 -0.572187545536488 -0.311693481034675 -0.748261363138292 -0.585642273902975
0.776713458108867 -0.0324440902379696 -0.557454606046345 0.00273109853987846 -0.0647514132096771
-0.384704513356971 -0.544917064984083 -0.342789070294291 -0.475908655415792 -0.599681229542609
-0.40552970329652 -0.249741495558062 0.322862128234463 0.516604512051174 0.555201375987225
1.35783804409149 1.13580064088317 0.932152432324763 0.873159112404064 2.06364412302421
0.566118254999581 0.315064639254073 0.0623790605259817 0.261538201256806 0.234255597762902
-0.0631531638933457 0.0259029370431604 -0.163247558832177 0.237371882901454 0.175500210656089
1.00251522695716 0.521470594593874 0.554592900689628 0.346734057383894 0.492789584409444
1.45753870163867 1.52709883985464 1.27522353073937 0.561326889790194 0.468321960277542
-2.09893950687021 -1.24986351214264 -1.4382679621813 -1.91475720244483 -1.6088165858127
-0.00486800942190597 0.0804765724337244 0.436997599615117 0.320192175229476 0.689437120208925
2.05612838870683 1.34113188119761 1.34806658584422 1.13892203907245 1.53469658147874
2.38304220361549 2.63525616380134 2.81902464789652 2.89633640127157 2.49221045524426
0.240842543148719 0.236618158046272 0.293834549552287 1.17737243558216 1.00334978622425
-0.698396301441809 -0.491824672003629 -0.61998263208382 -0.684406472710787 -0.104194940757879
0.578290484885667 0.3407551297459 0.317389101962863 0.539081421326591 0.753472710100893
-0.425687367507415 -0.660290360133264 -0.0617088245955589 0.403446681793279 0.112903820421814
-0.0242275732607278 0.75994887162467 -0.0494291030531589 0.261307793970418 -0.685311831625709
0.230269474857053 -0.126935086753299 0.252505931757016 0.237465881845997 0.567582109851586
2.38492323048283 2.59142335518264 2.06315378244084 1.85681914251041 2.14646129566089
-0.849563439913382 -0.888269906768235 -0.836227391430149 -0.0906047686896889 1.01816703028113
-0.0140470394841661 -0.0229075238820861 0.440642804213799 0.505489318562378 1.06078785691061
-1.04476153810336 -1.51761876394836 -1.18372786273163 -0.60508341187041 0.0472158416672776
0.855090710244774 0.77196055608887 0.29142306303646 -0.134342420092703 -0.491095055264421
1.17512244068153 1.30925346873175 1.12440008678325 1.074629145496 0.755954323916252
0.0746168186643464 0.815083996622807 0.57642717621149 -0.253977075280008 0.282720899547473
0.0934228847350475 0.161899865040422 0.220821271780333 0.418203053439416 0.28785316837954
-2.71938231789794 -2.88384583082905 -2.46629964782642 -2.14696120796325 -1.92730268624506
-1.25381714627823 -0.878753465503058 0.377425533553676 0.618763340140393 0.364215790329785
-0.587415044258581 -0.813049639296497 -1.16490492240058 -1.5082776883854 -1.08198064391224
1.74918562359439 1.72975426888966 2.40989694935053 2.12933155954798 2.48407606248049
1.51617552760216 1.55185103481388 1.12836083883669 1.16198675415956 0.668763023412573
-1.36650582899273 -1.1648445797054 -0.504037517688897 -0.204975851374483 -1.04174309408147
-0.635428908337094 -0.435760288410171 -0.177760291232573 -0.275240720419694 -0.324331229267302
0.464076217980594 0.406091759325279 0.54132109647446 0.923861803228682 0.308495040468543
0.504109150552292 0.745015648096585 0.46653275450035 1.47798393490898 1.41860283332845
0.0828906762775373 0.148155637928245 0.707933461779565 0.494003586329589 1.66959021449656
-0.72930849619716 -1.0390596120812 -0.933391844381893 -0.72986549167745 -1.18711108609093
0.249908306207473 0.461830493466294 0.576850513105695 0.351696879135827 0.120233699389432
-0.572016694695755 0.224739513641269 -0.468176056978641 -0.298459232063506 -0.648808923741564
-0.495040069884414 -0.935309566643768 -1.66045445639072 -2.0855708183628 -3.00306080849509
-0.699933337430713 -0.122544798703072 0.293197717767908 0.272689329368474 -0.434506288161608
-1.32363056552961 -1.52300045309438 -1.16208629118352 -0.555383951231689 0.234540069047849
-0.0323444778935269 0.0335610476027253 -0.0734938926844915 0.0754414260069032 0.240126393247358
0.494351429078848 -0.101213914583495 0.132891032976964 0.468176678929695 0.439955775572087
-1.10681906234601 -1.2411422381089 -1.97743160564406 -1.89254175921202 -2.85118479445957
1.08157579538456 0.850547493851861 0.275175166098825 0.140775702882967 -0.601358858355614
-0.883385224927232 -1.57709116232408 -1.70668960632858 -1.81017675342241 -1.56892079147415
-1.90026444406529 -1.80349912105886 -1.09688018636031 -1.20941738145648 -0.943234053562005
-0.173445527980762 0.513190301591954 -0.0240949697188544 -0.0818376295649935 -0.665254163341957
0.0510464372917582 0.36631226621348 -0.206461213902029 -0.904166965973837 -0.803017902311277
-0.398694613982507 -0.0193726724848104 -0.248334267223837 0.0239603376466429 0.18952182635668
-0.908839770273339 0.121330681969699 -0.21591534885381 0.286294573577622 0.88136523138644
-1.44717636850408 -0.852406350037869 -1.14425392387402 -0.881810189690524 -0.582892529218395
0.59144838932629 0.562782418375658 0.929545015704667 0.0755261793731729 0.0313216358632524
0.105871911579657 0.513399962104437 0.0327342805579018 0.0555232112437261 -0.170799114724547
0.263388543436111 -0.476486024601467 -0.989693568728292 -0.74049475042982 -0.246185088543122
-0.169305124245506 -0.271880446588347 -1.49254828441202 -1.36781730754941 -0.349759189956693
-1.85958108988132 -1.35179698719147 -1.67376817276077 -0.976730907853299 -0.371192736192774
-1.66132896625168 -1.70658164218915 -0.732699496460995 -0.107030946938733 0.886647707856343
-0.851096924366962 -0.921249962712025 -0.888762166703792 -0.700389646406323 -0.99050232938317
0.766444378284051 0.606415217284107 0.758079500069132 0.0159832843941736 0.283435963427992
-0.413881759152398 -0.582947484632376 -0.429694840830857 0.189895535770018 0.123014473182371
-0.218222315318861 -0.0788052751799025 0.373464168431159 0.844221184923334 0.378925439194189
0.962657978042971 1.47244940767372 1.15056408541546 1.57103018992772 1.28966414089574
-1.06735279564323 -1.57344320386702 -0.887256462619567 -0.546467024687046 -0.091479129830866
0.568311447048671 0.223896327235085 0.12525183880799 0.210700194337586 -0.251385910548717
-0.861137155746699 -0.537120249137041 -0.887241646466799 -0.39180916896587 -1.03669510303901
-0.885635292206883 -1.03991087661838 -1.66181049045864 -2.41432437039051 -2.67047730913212
-0.74503832267093 0.0224469604846819 0.262778797372244 0.740980430425572 0.563209850639522
-1.02989724347506 -1.06892072357245 -0.579211518901533 -0.198820301871574 0.156707238781898
-0.229584491467837 0.138065938726089 0.0240633227476963 0.147948335434195 0.646242840269601
2.20272564115574 1.5143966755791 1.53691978498758 1.84606992692811 1.74401845693249
-0.292607974380053 0.183264506770144 -0.135597259457357 0.35933036627876 0.800280882793216
2.58775520940386 2.62308580587618 2.89597211127854 2.15980665413651 1.57742147393145
-1.94509397907894 -1.40102076265547 -0.961076691787814 -1.00027058995719 -0.750402734587722
0.829445231357008 0.577851957995224 0.42520289027173 0.480724397370336 0.628858597960341
-0.364055782095963 -0.813972384778544 -1.08047257388148 -0.371102965275501 -0.122129354175355
0.334676164579223 -0.415539987785521 -1.13339405801177 -0.656470477628377 -0.670573811439081
1.71087223771679 0.312190444224028 0.591632728489725 0.069475645550881 -0.0110560604456106
0.906724143951681 0.490142539565173 0.243774471451784 0.179694133496421 -0.0208885742258619
1.19478028749595 1.16677525514863 1.21336521636579 1.05524997226039 0.708943382034343
0.0988463140571235 0.0202548967296647 0.0537340919206402 -0.166869959765381 0.0399322812045632
-0.964557964703885 -0.947389299275373 -0.336084426877386 0.753485586365969 0.922348729471106
-0.683356359874025 -1.30565948748654 -0.759575182991472 -0.247936521884739 -0.485859167992665
-0.373416543439138 0.000270006900032909 0.0561510879922726 -0.273915767468428 -0.187097634800451
1.43536515626217 1.51376726441123 1.60197742569891 2.70340968811986 2.53248500578963
-0.566805425143288 -0.478551825320667 -0.211535410476066 0.0131557229126797 -0.36306883942097
1.51006281173193 1.00497632703964 1.00725244433658 0.413774345934751 -0.234372818441448
0.0926032802605672 -0.29310621405055 -0.474997951393262 -1.25388449020979 -0.87360251689034
-0.12995626981771 -0.0410775464692395 0.200302654829299 0.535307178045545 -0.0918223398284197
-0.290775984620954 0.172019409847891 1.01716075210665 1.58311654716996 1.73930031325828
0.390266386567801 0.705132174013893 1.24786714317693 0.558466202547681 0.323374111773701
-0.145129443668075 -0.770792326912155 -0.689502646749131 -1.08939272487273 -1.26657974733869
